42318283
42315027
42306690
42305170
42297408
42294285
42293473
42289925
42283675
42281545
42279555
42279315
42278887
42272210
42269074
42267766
42267763
42257648
42256556
42234536
42233326
42208179
42206966
42203147
42183133
42183129
42182892
42181956
42180620
42177020
42170432
42165667
42158783
42158089
42157596
42140586
42138135
42137722
42125739
42105979
42099499
42099350
42097361
42088330
42087618
42087609
42067375
42063449
42047821
42047655
42034519
42031022
42023946
42022168
42020963
42009293
42005127
42004753
41994709
41988549
41984587
41984155
41978415
41973677
41966962
41964630
41964269
41962419
41958521
41958460
41954539
41953750
41949229
41940087
41939638
41920339
41918563
41912032
41910773
41908061
41906610
41903871
41903842
41897650
41883918
41883594
41869204
41868773
41868110
41866114
41865787
41860768
41850958
41850676
41848449
41835801
41824609
41822619
41820173
41817268
41814914
41809959
41809815
41809288
41790332
41789427
41789201
41786963
41773111
41773108
41747064
41741116
41728524
41712898
41712677
41704258
41669726
41664665
41663658
41656759
41656042
41645527
41643846
41642162
41639828
41634550
41632559
41629687
41612339
41610157
41609263
41608254
41591320
41567646
41567143
41561472
41552787
41541121
41540865
41533859
41517690
41503427
41491022
41482188
41473671
41461935
41454751
41449297
41448379
41439077
41432497
41425980
41425446
41425438
41424656
41424544
41424538
41424536
41422031
41417879
41412303
41396305
41390104
41386948
41365269
41363677
41356156
41355203
41342798
41340799
41340687
41330153
41323851
41322724
41320601
41308507
41306284
41303040
41294638
41268091
41250887
41246653
41234052
41230917
41230334
41217492
41211196
41210358
41197393
41193046
41181645
41176608
41176518
41175547
41171228
41170236
41163960
41160849
41146831
41146002
41126054
41121185
41089240
41088703
41081692
41080115
41073925
41072964
41069882
41064719
41064486
41064483
41064087
41052696
41040449
41039574
41036282
41033744
41019908
41019893
41015744
41005836
41002612
40979030
40975214
40970186
40962462
40953247
40951828
40945715
40942845
40940303
40927790
40919238
40917545
40899246
40891107
40889236
40883064
40878986
40878977
40862792
40861412
40848264
40838428
40835313
40835311
40835300
40815246
40803596
40791859
40781319
40774605
40772625
40772183
40771293
40767338
40766874
40755944
40725705
40718524
40713131
40704932
40704212
40700233
40697723
40697425
40696869
40690935
40674966
40661792
40658327
40645702
40634052
40626506
40623652
40620608
40619742
40617596
40607474
40599605
40589890
40587333
40583655
40580490
40579112
40565913
40562312
40555577
40544090
40543679
40527285
40521708
40514140
40510333
40500084
40496666
40496385
40486829
40480741
40468076
40454282
40452599
40438422
40425077
40411623
40408922
40402536
40388775
40387890
40385302
40380899
40364577
40356804
40347788
40330365
40327920
40325983
40322446
40311504
40308240
40297653
40287637
40283535
40281654
40274617
40270778
40269600
40268442
40260526
40255754
40251701
40251667
40241897
40233862
40226605
40222917
40191659
40191638
40185601
40182579
40177447
40171500
40140091
40130138
40125396
40114410
40099773
40082274
40081604
40067640
40063993
40061417
40049371
40026974
40020102
40017418
40002211
39998617
39993277
39972703
39963627
39950818
39949725
39949457
39949140
39944614
39942416
39934071
39926248
39917774
39909952
39884395
39872588
39863126
39841312
39836745
39836740
39834528
39834524
39832731
39830926
39813553
39811747
39807242
39802056
39792734
39788424
39776866
39768703
39768560
39768546
39763505
39763157
39717286
39711775
39711514
39695928
39691793
39690284
39678886
39678854
39677158
39669793
39656356
39654178
39651382
39649825
39637758
39618660
39618574
39597964
39588564
39588359
39582754
39582187
39549587
39547424
39542879
39534865
39533629
39512785
39509629
39505227
39498729
39492716
39477652
39477200
39465930
39465133
39401746
39398753
39397554
39391430
39369656
39365670
39353759
39324419
39323719
39323700
39314255
39313366
39311283
39273738
39271054
39264058
39262369
39259447
39257020
39246883
39238925
39220791
39211759
39202076
39188693
39184868
39183532
39172883
39168544
39156313
39139687
39138814
39132596
39132462
39132216
39132215
39132209
39131977
39131974
39130902
39129884
39126979
39111699
39110205
39109101
39108917
39104917
39097792
39092358
39092354
39091100
39086789
39081256
39070818
39070499
39061692
39057920
39040914
39038877
39015680
38993625
38989449
38980350
38975550
38975399
38971969
38969337
38964821
38964819
38960828
38960792
38957832
38950819
38948989
38942376
38939674
38939641
38935443
38915224
38906415
38904439
38895017
38871160
38861217
38853428
38849214
38846992
38846990
38846988
38843509
38841833
38840555
38807843
38802256
38774554
38766646
38765215
38763948
38763838
38756297
38753559
38748728
38740703
38736706
38731076
38730985
38729383
38712992
38705637
38699101
38690498
38688269
38686728
38681266
38677551
38666788
38656400
38651063
38650733
38641190
38630648
38610760
38606744
38606382
38592401
38589945
38583714
38577945
38562073
38554934
38537371
38531094
38530216
38524682
38523954
38518999
38510955
38496063
38487548
38483845
38454794
38436177
38410989
38385241
38369293
38367064
38358900
38344960
38331836
38327914
38296110
38290623
38288082
38276125
38269121
38264938
38263666
38226134
38200597
38160911
38160751
39959677
41776898
38110877
38087500
38084862
38071002
38063026
38054084
38027784
38022402
38018071
37986073
37984682
37977344
37976430
37945279
37942349
37936985
37936477
37909737
37902217
37886011
37882904
37882181
37880651
37868377
37865451
37857318
37847769
37847768
37828079
37813080
37776207
37771687
37767997
37767245
37754803
37746827
37727161
37722571
37719292
37719000
37705942
37692570
37636257
37607763
32965825
37604593
37596417
37567399
37554617
37537921
37537022
37525768
37521570
37508822
37495356
37495355
37489479
37486075
37485290
37484646
37455688
37442274
37440974
37434900
37424914
37422167
37421358
37404393
37384203
37381825
37373697
37360835
37355238
37354942
37351823
37331887
37319339
37317799
37293798
37290836
37271478
37269763
37263776
37259504
37243942
37240565
37229396
37216692
37215941
37215519
37213943
37209804
39131661
39131631
37189493
37182672
37182613
37180652
37171974
37168205
37166556
37158033
37147099
37139049
37105663
37100559
37096950
37091682
37091122
37080690
37078365
37066003
37062360
37060523
37048795
37030980
37030443
37030188
37026947
37017871
37003150
37001265
36999726
36994497
36970297
36961618
36924019
39131654
36911057
36895517
36893841
36888834
36883346
36882069
36864975
36861267
36855601
36852315
36825861
36819953
36819369
36817704
36816004
36813035
36811867
36803050
36795568
36793643
36788897
36757786
36751285
36746790
36744463
36704055
39132523
36699257
36697337
36684029
36682459
36644263
36644103
36628667
36620810
36605317
36602700
36599695
36598377
39132545
39132536
36593758
36592967
36590251
36585600
36583764
36575068
36574198
36573416
36562130
36561934
36561354
36556349
36536090
36527981
36482095
36448401
36444235
36442701
36435574
36425389
36407161
36389332
36384306
36349702
36348926
36344283
36339668
41585771
36333263
36324223
36313996
36303697
36303693
36277787
36267749
36265527
36265137
36261098
36227897
36221402
36219615
36210021
36209231
36202568
36190861
36188092
36176887
41761512
36175655
36168308
36167220
36160834
36157096
36157092
36130335
36104018
36093300
36079144
36065773
36051456
36039236
35998277
35979125
35975795
35974889
35965922
35963656
35949450
35949130
35926721
35926347
35923480
35916487
35902799
35898531
35893672
35849725
35848914
35801424
35801301
35801013
35800822
35794900
35787507
35774736
35765563
35762184
35760721
35758617
35758539
35733496
35722115
35711251
35710288
35695721
35691858
35689374
35686535
35674399
35652174
35643741
35615215
35581015
35547445
35514771
35495555
35486062
35469736
35464577
35449519
35440298
35402339
35377075
35371750
35371744
35351922
35350540
35331592
35314594
35285084
35280485
35265230
35257154
35228242
35227164
35221049
35187123
35176918
35169678
35154983
35149395
35148947
35131075
35123721
35123278
35114059
37969557
35084255
35059349
35059285
35050248
35045502
35028228
35023386
35022990
35020205
35008066
35003473
34965863
34923468
34911083
34911082
34904100
34872327
34868471
34866585
34859183
34825918
34825874
34825796
34816417
34796375
34793412
34747758
34724684
34706845
34706585
34697007
34692400
34682839
34672383
34671638
34659924
34657630
34644637
34637769
34628373
34622134
34621843
34598001
34544989
34530650
34431236
34416115
34414994
34405032
34398499
34397286
34384613
34373817
34372883
34367390
34355600
34352422
34327831
34317410
34316147
34314278
34309878
34308663
34306794
34256514
34211655
34167684
34167683
34167471
34148965
34148867
34146979
34141504
34137708
34120999
34113410
34099409
34084689
34039681
34036807
34034280
33997324
33994774
33994502
33982349
33938576
33926160
33912259
33910342
33906552
33889762
33849875
33844438
33791758
33788581
33772931
33768819
33750664
33738414
33628997
33622089
33616246
33598362
33587803
33576557
33569531
33567802
33556505
33554945
33552195
33537528
33535913
33535077
33522027
33520023
33489489
33454292
33437918
33437917
33414355
33398549
37502001
33342732
33332307
33325037
33313001
33306883
33294173
33275702
33259979
33247349
33246448
33245785
33226187
33220318
33214936
33183975
33161897
33134638
33130592
33100564
33090620
33089223
33084387
33051147
33044673
33023804
32996083
32992172
32978090
32974460
32963914
32921436
32904502
32866345
32864244
32864235
32863245
32858244
32821902
32819376
32815917
32813178
32787666
32775114
32774577
32732087
32703545
32673617
32634199
32617232
32613200
32600195
32582479
32580683
32557222
32536943
36284660
32505687
32497616
32497248
32468747
32462990
36262365
32439526
32432829
32416311
32396627
32383280
32363881
32352921
32329040
32289439
32269877
32257450
32211984
32210640
32209508
32173712
32165606
32139972
32139116
32123681
32111175
32061168
32028851
32026107
32002483
31982312
31948384
31938658
31937150
31933670
31883817
31883768
31882331
31855216
31851147
31832290
31828229
31824617
31807371
31805428
31804256
34316899
31769352
31765326
31743047
31708697
31660318
31627892
31622764
31620208
34316828
31595624
31552793
31522865
31505295
31500542
31492420
31471279
31445654
31394239
31376225
31375449
31368848
31327743
31317484
31292095
31279785
31236075
31206434
31194030
31161142
31150003
31120428
31072702
31072508
31040058
34805851
31032122
30982504
30972512
30971611
30962844
30941473
30940666
30918726
30915914
30915912
30902560
30900836
30899457
30863964
30846255
30786802
30782094
30773127
30772292
30763701
30740775
30729049
30720492
30658062
30639411
30636677
30629033
30627243
30585869
30584566
30575931
30572968
30568150
30536197
30533229
30507073
30378437
30367851
30336908
30304635
30279292
30211948
30187515
30186995
30169381
30122188
30082262
30037516
30024504
30019302
30009670
30002757
29988846
29980817
29966955
29920349
29911017
29909859
29908891
29872249
29855780
29849268
29848540
29804743
29804522
29803279
29798687
29784123
29745451
29734837
29715164
29685553
29659045
29602488
29552448
29518819
29502997
29502772
29487650
29471818
29466193
29465484
29457088
29428851
29428534
29354208
29249784
29239263
29234611
29201371
29197610
29175770
31020069
29157527
29122207
29111332
29102272
29087934
29063065
29029718
29029714
29029713
28941516
28930804
28917510
28828935
28827014
28805341
28743779
28739469
28734084
28682954
28669652
28644260
28605430
28580827
28542233
28538190
28536230
28530488
28509182
28498107
28474655
28440519
28437037
28419620
28414995
28401380
28398633
28389294
28364424
28347320
28343592
28331450
28289497
28242025
28233608
28206731
28194291
28163175
28156206
28143727
28118215
28073853
28017313
27903022
27879511
27824600
27810607
27807612
27790495
27774968
27722126
27692532
27689561
27666802
27664798
27659895
27630267
27601482
27580310
27578311
27532241
27521826
27489075
27485362
27481877
27458125
27408402
27404704
27397618
27384603
27379531
27353058
27338502
27336339
27321980
27312749
27278722
27274170
27230515
27221015
27173070
27161746
27145056
27145051
27129723
27114444
27113394
27106647
27106646
27075285
27000390
26994132
26993840
26992367
26992302
26986170
26971195
26966452
26939911
26811806
26806235
26744670
26736012
26712594
26673300
26622102
26622100
26543618
26516248
26498886
26380170
26379477
26298105
26217632
26214811
26154441
26133321
26078743
26034197
26025147
25985738
25952219
25889029
25873823
25859501
25842678
25832601
25810965
25775281
25755579
25742948
25704224
25692046
25684399
25683156
25653075
25645521
25635439
25633189
25590480
25566339
25550499
25550253
25523344
25489359
25485274
25469997
25426234
25300314
25275670
25253449
25189664
25181627
25156645
25105098
25101903
25025049
24993994
24975395
24973851
24973834
24967017
24943029
24917754
24909354
24851033
24840968
24840964
24827636
24811592
24800195
24794885
24778892
24733133
24717250
24714169
24698774
24686999
24623540
24619975
24619042
24507854
24492169
24428096
24349647
24334719
24284504
24281158
24222822
24188217
24182642
24180172
24047810
23983581
23936651
23929899
23898277
23885941
23831631
23813414
23806796
23774543
23769386
23748731
23737910
23715426
23703559
23680957
23676955
23646315
23617140
23602573
23601295
23523160
23509664
23467257
23462067
23434721
23395129
23377239
23341401
23329518
26993894
23271502
23258138
30533121
23131942
23024126
22980966
22980160
22921592
22890415
22859382
22832423
22798281
22616531
22548712
22535912
22440631
22379271
22372172
22344887
22312084
22321479
22254138
22242020
24592024
24533201
23641475
23555542
22187317
22085242
22059183
21888683
21885244
21842670
21804167
25949490
21786299
21783315
21728734
21705903
21646234
21641020
21550507
21517730
21492913
21463441
21440158
21377650
21335289
21316546
21317623
21306867
21304390
21207342
21193462
21181975
21144770
21098498
21098496
21092509
21081775
21072156
21039878
21029953
20889305
22455275
20863981
20825834
20819328
20726302
20692441
20549688
20528643
20527346
20525655
20471769
20454793
20420149
20409673
20379696
20375944
20367948
20362476
20193547
20191009
20146754
20142224
20123240
20119918
20107757
20075534
20062673
20052355
20048139
20006766
19960137
19952014
19927763
19919804
19881356
19875060
19853232
19793777
19781314
19747614
19727938
19718413
19668144
19641957
19631870
19506975
19456201
19388068
19352658
19345051
19340802
19340728
19272222
19250868
19235240
19167042
19110280
19092794
19063718
19043229
18973510
18959358
18941044
18787293
18718677
18712508
18692656
18692287
18678227
18678226
18657033
18651357
18609425
18601818
18582845
18513471
18512540
18482393
18384574
18372264
18343065
18331178
18268952
18241761
18212683
18198243
18181520
18178417
19578455
18088405
18022903
18022902
18005235
17699140
17699137
17699125
17682468
17615855
17576886
17572329
17563092
17507005
17500192
17497259
17471135
17426392
17421019
17409592
17341792
17327984
17261410
17197715
27303471
17180604
17116447
17068071
17063098
17057013
16986683
16971796
16969841
16928172
16910146
16798219
16784326
16782518
16780068
16755594
16633754
16572078
16570551
16502162
16446593
16439946
16376204
16284141
16270473
16269301
16264129
16216022
16162733
16123834
16100484
16079933
16014440
15940014
15937939
15934428
15922098
15871082
15823068
15821824
15805715
15796433
15796430
15736251
15640419
15622393
15591291
15580447
15525752
15517763
15511419
15500111
15470786
15388190
15369185
15365738
15339878
15333340
15329020
15287532
15252764
15252761
15252760
15224619
15199509
15195749
15191032
15136938
23573627
15071451
15052981
15049388
14988612
14983154
14973755
14762378
14730615
14699224
14654484
14612171
14577302
14577301
14562972
14520488
14519381
12904709
12897992
12878071
12847197
12811375
12772130
12751939
12692763
12691402
12682198
12666558
12661427
12638478
12618687
12580220
12520161
12505747
12426282
12386751
12368731
12297963
12194636
12171987
12163814
12075871
12016520
11974874
11889794
11868100
11771170
11763489
11759129
11727155
11704218
11688291
11685312
11668370
11532697
11517539
11487681
11464652
11434090
11426199
11425985
11339145
11307867
11253338
11215136
11204326
11175071
11109208
11063100
11054216
10998870
10979001
10962994
10951708
10934937
10887894
10811526
10800664
10783650
10743696
10740622
10720965
10670121
10669711
10668515
10643061
10612155
10565239
10554759
10508878
10489775
10489054
10475469
10466088
10460448
10431994
10429469
10429443
10402302
10399640
10392940
10385169
10370384
10333425
10320385
10218429
10212178
10211662
10209531
10091301
10091290
9926750
9866788
9833725
9823994
9819645
9762049
9738258
9722058
9714496
9666535
9646776
9610512
9510283
9379736
9407203
9355883
9354714
9354508
9301248
9198202
9225200
9303788
9152916
9129623
9081120
8943917
8984107
8893592
8873536
8927853
8964067
9063063
9063059
9063058
8855528
8734192
8665022
8679979
8791062
8659220
8578141
8815840
8745622
8541677
8541667
7776659
7732949
7598038
7487273
29219772
7816715
7634294
7819477
7813731
8054756
8154949
8033479
8184243
8136596
7975955
7871963
7745465
8266278
8246620
8136616
8115314
8268074
8392986
8342750
8513545
8497773
8497397
8385862
8338416
8494326
1474699
1433662
1505358
1638012
1619829
1417406
1574877
1729531
1728775
1621439
1555674
1533892
1413337
1344788
1841770
1749434
1950968
1948584
1771020
1754092
1957523
1915900
1713745
1771099
1853127
1914646
1745210
2051681
2025100
2006292
1933480
2026891
2010710
1813712
2278404
2093922
2128690
2211792
2195825
2696649
2512873
2479193
2740969
2734642
2661388
2800153
15227219
2717826
2623485
3055267
3393951
2969579
3185478
3504695
3670678
3589918
3673842
3580973
3560358
3783835
3761474
3740356
3732066
3722247
3549932
3516365
3746015
3715630
3716719
3521167
3807579
3807578
3807577
3807551
4063765
4058758
3901793
2580412
4090780
3965760
2937206
6083619
12283147
6095404
6464519
6730627
6320431
6711168
6702392
6648274
6658320
6189257
6353629
6125437
7085728
7071170
6961876
7320095
7307379
7313886
6179190
7235337
7224345
7269878
6251997
7468027
7398590
7456846
524099
468584
105261
758713
544174
463396
433360
741553
725022
717835
102145
675650
659506
12178337
659490
746028
745726
592992
914158
327036
846455
878759
878712
842166
837777
1188614
1190613
1200610
56756
1147388
1094255
1079640
1056415
4547209
4277312
4850657
4812215
4790975
4684775
4753099
4151199
4648325
5058124
4550716
5115714
5141789
5579971
5518518
5534664
5453469
5420938
5420937
5439685
5519726
5371061
5367487
5680952
5646866
5657628
6035795
6059688
6013457
14202742
14168990
14028577
13259117
14828749
